0 0 0 0 32 7 9 3 
1 1 1 1 33 6 9 3 
2 2 1 1 34 11 10 3 
3 3 2 1 35 12 10 3 
4 4 2 1 36 13 8 3 
5 5 3 1 37 11 11 3 
6 5 3 1 38 6 12 3 
7 4 4 1 39 7 11 3 
8 4 5 1 40 8 9 4 
9 3 6 1 41 9 9 4 
10 3 7 1 42 14 10 4 
11 4 7 1 43 10 10 4 
12 4 7 1 44 9 8 4 
13 4 8 1 45 8 13 4 
14 5 4 1 46 6 13 4 
15 5 5 1 47 11 9 4 
16 4 6 2 48 12 9 5 
17 4 9 2 49 13 10 5 
18 4 10 2 50 11 10 5 
19 4 10 2 51 6 8 5 
20 3 8 2 52 9 13 6 
21 3 11 2 53 14 13 6 
22 6 12 2 54 10 9 6 
23 7 11 2 55 9 9 6 
24 7 9 2 56 11 10 7 
25 7 9 2 57 12 10 7 
26 8 10 2 58 13 14 7 
27 9 10 2 59 11 14 7
28 10 8 2 60 14 14 8
29 9 11 2 61 10 14 8
30 8 12 2 62 12 14 8
31 7 11 2 63 0 0 0